"Kommun" "Folkmängd" "Andel arbetslösa" "Medellön" "Andel utbildade" "Kommunalskatt"
"1" "Upplands Väsby" 50306 0.058 39100 0.159 0.318
"2" "Vallentuna" 35133 0.029 38100 0.18 0.3128
"3" "Österåker" 49797 0.029 39000 0.171 0.2898
"4" "Värmdö" 46648 0.029 38800 0.173 0.3136
"5" "Järfälla" 89043 0.059 37500 0.184 0.3162
"6" "Ekerö" 28906 0.028 38800 0.188 0.316
"7" "Huddinge" 114334 0.053 38900 0.187 0.3185
"8" "Botkyrka" 95996 0.083 38500 0.13 0.3253
"9" "Salem" 17500 0.038 38000 0.166 0.3205
"10" "Haninge" 100968 0.055 38900 0.126 0.3206
"11" "Tyresö" 49159 0.04 38700 0.171 0.3188
"12" "Upplands-Bro" 32909 0.057 38700 0.138 0.3178
"13" "Nykvarn" 12323 0.034 37200 0.139 0.3235
"14" "Täby" 77682 0.028 40400 0.265 0.2993
"15" "Danderyd" 32415 0.029 40800 0.317 0.3063
"16" "Sollentuna" 77657 0.046 42100 0.247 0.305
"17" "Stockholm" 995643 0.05 39500 0.284 0.3036
"18" "Södertälje" 102913 0.086 36800 0.14 0.3253
"19" "Nacka" 112255 0.031 40500 0.25 0.3026
"20" "Sundbyberg" 56523 0.05 38300 0.259 0.3163
"21" "Solna" 85775 0.037 39000 0.319 0.2975
"22" "Lidingö" 48352 0.032 38800 0.273 0.3022
"23" "Vaxholm" 11791 0.027 40200 0.22 0.3168
"24" "Norrtälje" 66704 0.039 37800 0.11 0.321
"25" "Sigtuna" 52750 0.063 37900 0.13 0.3238
"26" "Nynäshamn" 30587 0.052 38100 0.107 0.3223
"27" "Håbo" 23025 0.034 36500 0.118 0.333
"28" "Älvkarleby" 9548 0.068 34200 0.095 0.344
"29" "Knivsta" 21237 0.028 36400 0.199 0.3262
"30" "Heby" 14304 0.05 35000 0.086 0.3421
"31" "Tierp" 21103 0.053 34200 0.093 0.33
"32" "Uppsala" 248221 0.046 35900 0.237 0.3285
"33" "Enköping" 48594 0.051 34800 0.126 0.3305
"34" "Östhammar" 22157 0.028 34500 0.087 0.334
"35" "Vingåker" 8741 0.068 33700 0.083 0.335
"36" "Gnesta" 11438 0.037 35900 0.125 0.3295
"37" "Nyköping" 58363 0.059 34900 0.13 0.3225
"38" "Oxelösund" 12025 0.064 35400 0.085 0.3305
"39" "Flen" 15343 0.105 35400 0.091 0.331
"40" "Katrineholm" 34124 0.076 34700 0.103 0.3295
"41" "Eskilstuna" 107201 0.094 35300 0.134 0.3285
"42" "Strängnäs" 39291 0.05 35800 0.147 0.325
"43" "Trosa" 14901 0.03 37400 0.132 0.3223
"44" "Ödeshög" 5253 0.033 34700 0.094 0.3415
"45" "Ydre" 3614 0.023 35400 0.107 0.341
"46" "Kinda" 9967 0.029 34800 0.114 0.33
"47" "Boxholm" 5513 0.037 36200 0.094 0.3337
"48" "Åtvidaberg" 11455 0.036 34200 0.102 0.3394
"49" "Finspång" 21589 0.064 33700 0.107 0.337
"50" "Valdemarsvik" 7521 0.057 34900 0.084 0.3403
"51" "Linköping" 168086 0.047 36400 0.219 0.3175
"52" "Norrköping" 144978 0.072 34800 0.15 0.333
"53" "Söderköping" 14807 0.037 35500 0.125 0.3353
"54" "Motala" 43457 0.059 35300 0.107 0.3325
"55" "Vadstena" 7483 0.039 36100 0.123 0.3435
"56" "Mjölby" 28699 0.041 35600 0.113 0.3345
"57" "Aneby" 6799 0.04 34800 0.11 0.3385
"58" "Gnosjö" 9133 0.036 36100 0.08 0.34
"59" "Mullsjö" 7585 0.033 34800 0.113 0.341
"60" "Habo" 13461 0.027 35900 0.157 0.3393
"61" "Gislaved" 28897 0.054 36000 0.083 0.3375
"62" "Vaggeryd" 14838 0.035 35700 0.111 0.3325
"63" "Jönköping" 147761 0.043 35200 0.174 0.334
"64" "Nässjö" 31564 0.069 36100 0.101 0.343
"65" "Värnamo" 34528 0.039 35700 0.116 0.3328
"66" "Sävsjö" 11558 0.073 35000 0.093 0.3368
"67" "Vetlanda" 27519 0.055 34700 0.091 0.3377
"68" "Eksjö" 17772 0.057 34700 0.134 0.3402
"69" "Tranås" 18609 0.05 35100 0.1 0.3377
"70" "Uppvidinge" 9047 0.074 35000 0.079 0.338
"71" "Lessebo" 8270 0.084 34700 0.091 0.3381
"72" "Tingsryd" 11997 0.053 34300 0.091 0.34
"73" "Alvesta" 19828 0.072 34700 0.103 0.3342
"74" "Älmhult" 17637 0.057 36700 0.154 0.3386
"75" "Markaryd" 9927 0.056 35900 0.081 0.3331
"76" "Växjö" 98344 0.059 35200 0.18 0.3219
"77" "Ljungby" 28275 0.041 35500 0.107 0.3307
"78" "Högsby" 5316 0.076 34300 0.084 0.3407
"79" "Torsås" 6971 0.056 35800 0.102 0.3379
"80" "Mörbylånga" 16240 0.028 35300 0.163 0.3407
"81" "Hultsfred" 13652 0.069 34400 0.077 0.3377
"82" "Mönsterås" 13066 0.044 35500 0.096 0.3407
"83" "Emmaboda" 8996 0.06 36200 0.09 0.3382
"84" "Kalmar" 72662 0.051 35800 0.178 0.3367
"85" "Nybro" 19915 0.062 34800 0.099 0.3419
"86" "Oskarshamn" 26908 0.049 35600 0.106 0.3421
"87" "Västervik" 36410 0.047 33800 0.118 0.3302
"88" "Vimmerby" 15370 0.042 33900 0.09 0.3422
"89" "Borgholm" 10649 0.038 34500 0.115 0.3344
"90" "Gotland" 60999 0.036 38400 0.143 0.336
"91" "Olofström" 12960 0.073 34400 0.081 0.3375
"92" "Karlskrona" 66307 0.046 34900 0.18 0.3369
"93" "Ronneby" 28733 0.084 34700 0.113 0.3368
"94" "Karlshamn" 31760 0.068 34800 0.132 0.3427
"95" "Sölvesborg" 17391 0.053 35600 0.114 0.3386
"96" "Svalöv" 14529 0.053 36500 0.125 0.3192
"97" "Staffanstorp" 27299 0.039 38500 0.189 0.3027
"98" "Burlöv" 20165 0.087 36900 0.145 0.3127
"99" "Vellinge" 37819 0.027 37500 0.207 0.2968
"100" "Östra Göinge" 13974 0.088 36100 0.086 0.3217
"101" "Örkelljunga" 10282 0.055 35100 0.091 0.3024
"102" "Bjuv" 15967 0.078 36300 0.075 0.3217
"103" "Kävlinge" 32469 0.038 37000 0.18 0.2969
"104" "Lomma" 24708 0.027 37300 0.26 0.3082
"105" "Svedala" 23596 0.039 37700 0.156 0.3142
"106" "Skurup" 17080 0.051 36300 0.12 0.316
"107" "Sjöbo" 19315 0.047 36300 0.105 0.321
"108" "Hörby" 15560 0.045 36200 0.113 0.3226
"109" "Höör" 17505 0.04 36000 0.165 0.3293
"110" "Tomelilla" 13625 0.054 37000 0.096 0.3179
"111" "Bromölla" 12482 0.074 35800 0.095 0.3374
"112" "Osby" 12940 0.069 35600 0.101 0.3399
"113" "Perstorp" 7240 0.116 35300 0.079 0.3199
"114" "Klippan" 17706 0.063 36400 0.091 0.3193
"115" "Åstorp" 16439 0.084 36400 0.085 0.3147
"116" "Båstad" 16010 0.044 36200 0.162 0.3141
"117" "Malmö" 365843 0.1 36700 0.225 0.3242
"118" "Lund" 131739 0.048 36300 0.29 0.3242
"119" "Landskrona" 47322 0.084 35600 0.126 0.3142
"120" "Helsingborg" 152211 0.089 36900 0.162 0.3139
"121" "Höganäs" 28453 0.043 39700 0.168 0.3091
"122" "Eslöv" 34878 0.066 36500 0.137 0.3172
"123" "Ystad" 32107 0.043 36200 0.151 0.3129
"124" "Trelleborg" 47287 0.063 36500 0.123 0.3158
"125" "Kristianstad" 86367 0.08 36500 0.145 0.3264
"126" "Simrishamn" 18886 0.049 35800 0.14 0.3169
"127" "Ängelholm" 45097 0.043 36600 0.143 0.3147
"128" "Hässleholm" 52072 0.076 35300 0.121 0.3238
"129" "Hylte" 10193 0.066 35900 0.082 0.3385
"130" "Halmstad" 106068 0.061 36100 0.16 0.3238
"131" "Laholm" 26571 0.044 34900 0.113 0.328
"132" "Falkenberg" 47363 0.046 36100 0.115 0.325
"133" "Varberg" 69097 0.032 36500 0.146 0.3173
"134" "Kungsbacka" 85784 0.022 36900 0.18 0.3273
"135" "Härryda" 40034 0.028 37900 0.204 0.3198
"136" "Partille" 41084 0.037 37100 0.213 0.3144
"137" "Öckerö" 12772 0.022 36400 0.145 0.3304
"138" "Stenungsund" 27846 0.028 37000 0.146 0.3312
"139" "Tjörn" 16086 0.023 36700 0.144 0.3319
"140" "Orust" 15332 0.03 36700 0.118 0.3394
"141" "Sotenäs" 9083 0.03 36500 0.124 0.3347
"142" "Munkedal" 10343 0.041 36000 0.087 0.3486
"143" "Tanum" 12763 0.029 36600 0.121 0.3304
"144" "Dals-Ed" 4593 0.039 36200 0.09 0.3469
"145" "Färgelanda" 6378 0.049 35700 0.08 0.3439
"146" "Ale" 32580 0.033 36600 0.139 0.3335
"147" "Lerum" 43514 0.027 37300 0.19 0.3213
"148" "Vårgårda" 12456 0.036 35600 0.11 0.3309
"149" "Bollebygd" 9792 0.026 36700 0.131 0.3307
"150" "Grästorp" 5554 0.035 35500 0.102 0.3347
"151" "Essunga" 5580 0.039 35300 0.082 0.3305
"152" "Karlsborg" 6997 0.034 35300 0.121 0.328
"153" "Gullspång" 5024 0.065 35400 0.075 0.3397
"154" "Tranemo" 11830 0.036 35900 0.094 0.3298
"155" "Bengtsfors" 9073 0.061 35200 0.095 0.344
"156" "Mellerud" 9024 0.062 35000 0.091 0.3408
"157" "Lilla Edet" 14456 0.042 35600 0.097 0.3385
"158" "Mark" 35127 0.036 35300 0.114 0.3299
"159" "Svenljunga" 10733 0.042 35500 0.077 0.3353
"160" "Herrljunga" 9493 0.031 34700 0.1 0.3342
"161" "Vara" 16100 0.038 35300 0.085 0.3385
"162" "Götene" 13259 0.032 35200 0.105 0.336
"163" "Tibro" 11332 0.056 34800 0.097 0.3319
"164" "Töreboda" 9040 0.051 34700 0.091 0.332
"165" "Göteborg" 609182 0.057 37400 0.239 0.326
"166" "Mölndal" 71443 0.03 37200 0.231 0.3199
"167" "Kungälv" 50364 0.028 36800 0.16 0.3292
"168" "Lysekil" 13902 0.044 36300 0.121 0.3394
"169" "Uddevalla" 56967 0.057 36300 0.143 0.3364
"170" "Strömstad" 13497 0.038 36700 0.113 0.3339
"171" "Vänersborg" 40030 0.06 35500 0.141 0.3369
"172" "Trollhättan" 59016 0.071 35300 0.158 0.3384
"173" "Alingsås" 42753 0.036 36300 0.16 0.3284
"174" "Borås" 114931 0.057 35200 0.141 0.3279
"175" "Ulricehamn" 24975 0.036 34800 0.117 0.3253
"176" "Åmål" 11900 0.065 35500 0.107 0.3394
"177" "Mariestad" 24588 0.039 35600 0.121 0.3274
"178" "Lidköping" 40402 0.034 35600 0.136 0.3274
"179" "Skara" 18718 0.046 35300 0.114 0.3338
"180" "Skövde" 58050 0.036 36000 0.166 0.3309
"181" "Hjo" 9360 0.03 35300 0.129 0.3348
"182" "Tidaholm" 12777 0.033 35100 0.09 0.3355
"183" "Falköping" 32786 0.048 35300 0.11 0.3343
"184" "Kil" 12064 0.038 34700 0.124 0.3403
"185" "Eda" 8405 0.048 34000 0.071 0.3395
"186" "Torsby" 11329 0.028 35100 0.095 0.337
"187" "Storfors" 3773 0.058 36700 0.077 0.3438
"188" "Hammarö" 17010 0.027 34600 0.206 0.346
"189" "Munkfors" 3625 0.066 34900 0.07 0.337
"190" "Forshaga" 11515 0.05 34000 0.116 0.3403
"191" "Grums" 8984 0.058 34000 0.082 0.3418
"192" "Årjäng" 9823 0.028 35000 0.081 0.3365
"193" "Sunne" 13339 0.031 34600 0.114 0.333
"194" "Karlstad" 98068 0.05 35500 0.199 0.3295
"195" "Kristinehamn" 23753 0.065 33900 0.117 0.3365
"196" "Filipstad" 9756 0.078 33300 0.064 0.3395
"197" "Hagfors" 11409 0.043 33100 0.086 0.337
"198" "Arvika" 25514 0.033 34200 0.116 0.3343
"199" "Säffle" 14868 0.062 34100 0.093 0.332
"200" "Lekeberg" 8600 0.027 35000 0.126 0.3473
"201" "Laxå" 5404 0.059 34200 0.075 0.3448
"202" "Hallsberg" 16122 0.046 33900 0.092 0.3385
"203" "Degerfors" 9262 0.066 35200 0.074 0.353
"204" "Hällefors" 6305 0.071 33100 0.071 0.3435
"205" "Ljusnarsberg" 4368 0.07 34500 0.07 0.338
"206" "Örebro" 160219 0.059 34000 0.181 0.3365
"207" "Kumla" 22659 0.042 33900 0.113 0.3384
"208" "Askersund" 11449 0.036 34100 0.088 0.3415
"209" "Karlskoga" 30159 0.051 33900 0.11 0.343
"210" "Nora" 10628 0.049 34000 0.126 0.3455
"211" "Lindesberg" 23150 0.053 34700 0.095 0.346
"212" "Skinnskatteberg" 4258 0.06 34300 0.087 0.3334
"213" "Surahammar" 9825 0.046 34600 0.088 0.3319
"214" "Kungsör" 8669 0.063 35000 0.097 0.3291
"215" "Hallstahammar" 16629 0.056 34700 0.097 0.3269
"216" "Norberg" 5444 0.069 34100 0.08 0.3354
"217" "Västerås" 160705 0.066 35400 0.179 0.3124
"218" "Sala" 22813 0.047 34900 0.1 0.3319
"219" "Fagersta" 13042 0.089 34500 0.081 0.3299
"220" "Köping" 25717 0.068 35100 0.097 0.3304
"221" "Arboga" 13923 0.053 34400 0.111 0.3329
"222" "Vansbro" 6749 0.028 33300 0.075 0.3393
"223" "Malung-Sälen" 10237 0.025 33400 0.087 0.342
"224" "Gagnef" 10374 0.024 34100 0.112 0.3392
"225" "Leksand" 16127 0.029 34900 0.135 0.3345
"226" "Rättvik" 10998 0.032 34300 0.105 0.3345
"227" "Orsa" 6879 0.037 34500 0.096 0.3395
"228" "Älvdalen" 6884 0.033 34400 0.077 0.3442
"229" "Smedjebacken" 10819 0.039 34200 0.095 0.3409
"230" "Mora" 20551 0.021 35000 0.127 0.3397
"231" "Falun" 59916 0.033 33900 0.181 0.337
"232" "Borlänge" 51435 0.062 34000 0.119 0.3405
"233" "Säter" 11235 0.03 34000 0.115 0.3396
"234" "Hedemora" 15224 0.055 34300 0.091 0.338
"235" "Avesta" 22392 0.07 33900 0.089 0.336
"236" "Ludvika" 26667 0.06 34000 0.123 0.337
"237" "Ockelbo" 5713 0.062 34000 0.091 0.3427
"238" "Hofors" 9264 0.067 33200 0.083 0.3437
"239" "Ovanåker" 11342 0.067 34000 0.088 0.3337
"240" "Nordanstig" 9267 0.05 33400 0.094 0.3402
"241" "Ljusdal" 18425 0.052 34400 0.092 0.3387
"242" "Gävle" 103850 0.071 35500 0.155 0.3377
"243" "Sandviken" 38336 0.086 34600 0.109 0.3312
"244" "Söderhamn" 24490 0.082 33700 0.092 0.3317
"245" "Bollnäs" 26196 0.078 33400 0.103 0.3337
"246" "Hudiksvall" 37502 0.046 33900 0.127 0.3312
"247" "Ånge" 9047 0.041 35000 0.085 0.3462
"248" "Timrå" 17482 0.051 34200 0.1 0.3448
"249" "Härnösand" 24486 0.07 34500 0.135 0.3463
"250" "Sundsvall" 99081 0.044 34300 0.153 0.3388
"251" "Kramfors" 17482 0.051 33900 0.095 0.3443
"252" "Sollefteå" 18384 0.051 33300 0.097 0.3468
"253" "Örnsköldsvik" 55444 0.037 34800 0.138 0.34
"254" "Ragunda" 5140 0.042 33600 0.082 0.3492
"255" "Bräcke" 6019 0.046 34200 0.091 0.3509
"256" "Krokom" 15671 0.023 34100 0.154 0.3387
"257" "Strömsund" 11015 0.064 33900 0.082 0.3492
"258" "Åre" 12721 0.017 35000 0.163 0.3392
"259" "Berg" 7112 0.033 34300 0.096 0.3422
"260" "Härjedalen" 10188 0.025 34300 0.098 0.3417
"261" "Östersund" 65030 0.035 34400 0.178 0.3372
"262" "Nordmaling" 6938 0.038 34300 0.101 0.346
"263" "Bjurholm" 2350 0.048 33100 0.085 0.345
"264" "Vindeln" 5425 0.027 34000 0.105 0.347
"265" "Robertsfors" 6691 0.028 33900 0.115 0.345
"266" "Norsjö" 3945 0.034 31100 0.085 0.347
"267" "Malå" 2963 0.028 33300 0.087 0.347
"268" "Storuman" 5584 0.022 33000 0.096 0.3445
"269" "Sorsele" 2349 0.01 33500 0.096 0.3495
"270" "Dorotea" 2293 0.031 33000 0.075 0.3515
"271" "Vännäs" 9133 0.025 34800 0.138 0.347
"272" "Vilhelmina" 6245 0.038 32800 0.086 0.3475
"273" "Åsele" 2701 0.051 32000 0.088 0.3495
"274" "Umeå" 134279 0.029 34800 0.229 0.3415
"275" "Lycksele" 12104 0.04 32900 0.115 0.344
"276" "Skellefteå" 77948 0.023 35100 0.151 0.3395
"277" "Arvidsjaur" 6090 0.031 34500 0.097 0.3414
"278" "Arjeplog" 2614 0.02 34000 0.097 0.3484
"279" "Jokkmokk" 4701 0.023 34900 0.107 0.3429
"280" "Överkalix" 3200 0.04 33500 0.089 0.3414
"281" "Kalix" 15382 0.048 34400 0.105 0.3389
"282" "Övertorneå" 4044 0.033 35400 0.1 0.3309
"283" "Pajala" 5853 0.02 34600 0.078 0.3474
"284" "Gällivare" 17215 0.018 34800 0.101 0.3389
"285" "Älvsbyn" 7775 0.036 34300 0.09 0.3379
"286" "Luleå" 79634 0.034 35800 0.189 0.3384
"287" "Piteå" 42396 0.032 35700 0.133 0.3359
"288" "Boden" 28069 0.037 35700 0.142 0.3394
"289" "Haparanda" 9135 0.062 35500 0.089 0.3384
"290" "Kiruna" 22457 0.017 34800 0.112 0.3439
